A: 1201, (4.564255, 6.554841, 7.395322), 1.619702
B: 1152, (8.533339, 8.508778, 8.544888), 1.665874
C: 1743, (6.528860, 7.508325, 8.029263), 1.600932
